Solutions for day 14
Found a cycle at i = 56 collecting some more values...
The cycle starts at 9 and has a length of 28
22
136 4131050266956709218 0
136 17111475829114754142 1
87 8538961435993380662 2
87 14826488498242403120 3
129 11077249860315088832 4
129 10321302757559756776 5
69 3499576927103805512 6
69 15280496864821017794 7
114 15565224434525846350 8
114 12333580921988498376 9
69 17922602216167127588 10
69 6290663959573616070 11
110 11189768577920899710 12
110 16918162331316645910 13
69 10730273582144579754 14
69 8326418970257234122 15
110 14829058277421480538 16
110 7413488207176735654 17
65 5208601239187348030 18
65 3211899000324554602 19
105 2061253466418578442 20
105 480384614325404958 21
64 7827902008312495874 22
64 2993049020139433078 23
103 15756459036426308334 24
103 13160127370389069982 25
65 7668687180713557318 26
65 6374928767879945100 27
106 6697042541703588604 28
106 10668180450665243236 29
63 8277720643309391468 30
63 8456867809420934818 31
111 441033709772534510 32
111 1018753568434830016 33
68 1085994616839714760 34
68 11434226191993732896 35
114 17099598018671715264 36
114 12333580921988498376 37
69 17922602216167127588 38
69 6290663959573616070 39
110 11189768577920899710 40
110 16918162331316645910 41
69 10730273582144579754 42
69 8326418970257234122 43
110 14829058277421480538 44
110 7413488207176735654 45
65 5208601239187348030 46
65 3211899000324554602 47
105 2061253466418578442 48
105 480384614325404958 49
64 7827902008312495874 50
64 2993049020139433078 51
136 64
